pix_id mod_id
0 132
1 132
2 132
3 132
4 132
5 132
6 132
7 114
8 131
9 131
10 149
11 149
12 150
13 150
14 133
15 133
16 115
17 115
18 114
19 114
20 131
21 131
22 131
23 149
24 149
25 149
26 150
27 150
28 150
29 133
30 133
31 133
32 115
33 115
34 115
35 114
36 114
37 113
38 113
39 131
40 131
41 148
42 148
43 149
44 149
45 167
46 167
47 150
48 150
49 151
50 151
51 133
52 133
53 116
54 116
55 115
56 115
57 97
58 97
59 114
60 114
61 113
62 113
63 113
64 130
65 130
66 148
67 148
68 148
69 166
70 166
71 167
72 167
73 167
74 168
75 168
76 151
77 151
78 151
79 134
80 134
81 116
82 116
83 116
84 98
85 98
86 97
87 97
88 97
89 96
90 96
91 95
92 113
93 113
94 130
95 130
96 130
97 147
98 148
99 148
100 166
101 166
102 166
103 183
104 167
105 167
106 168
107 168
108 168
109 169
110 151
111 151
112 134
113 134
114 134
115 117
116 116
117 116
118 98
119 98
120 98
121 81
122 97
123 97
124 96
125 96
126 96
127 95
128 95
129 112
130 112
131 130
132 130
133 147
134 147
135 147
136 165
137 165
138 166
139 166
140 183
141 183
142 183
143 184
144 184
145 168
146 168
147 169
148 169
149 169
150 152
151 152
152 134
153 134
154 117
155 117
156 117
157 99
158 99
159 98
160 98
161 81
162 81
163 81
164 80
165 80
166 96
167 96
168 95
169 95
170 95
171 112
172 112
173 112
174 129
175 129
176 147
177 147
178 147
179 165
180 165
181 165
182 182
183 182
184 183
185 183
186 183
187 184
188 184
189 184
190 185
191 185
192 169
193 169
194 169
195 152
196 152
197 152
198 135
199 135
200 117
201 117
202 117
203 99
204 99
205 99
206 82
207 82
208 81
209 81
210 81
211 80
212 80
213 80
214 79
215 79
216 95
217 78
218 94
219 94
220 112
221 112
222 129
223 129
224 129
225 146
226 146
227 164
228 164
229 165
230 165
231 182
232 182
233 182
234 198
235 198
236 199
237 199
238 184
239 184
240 185
241 185
242 185
243 186
244 186
245 170
246 170
247 152
248 152
249 135
250 135
251 135
252 118
253 118
254 100
255 100
256 99
257 99
258 82
259 82
260 82
261 66
262 66
263 65
264 65
265 80
266 80
267 79
268 79
269 79
270 78
271 78
272 94
273 94
274 94
275 111
276 111
277 129
278 129
279 146
280 146
281 146
282 164
283 164
284 164
285 181
286 181
287 182
288 182
289 198
290 198
291 198
292 199
293 199
294 199
295 200
296 200
297 185
298 185
299 186
300 186
301 186
302 170
303 170
304 170
305 153
306 153
307 135
308 135
309 118
310 118
311 118
312 100
313 100
314 100
315 83
316 83
317 82
318 82
319 66
320 66
321 66
322 65
323 65
324 65
325 64
326 64
327 79
328 79
329 78
330 78
331 77
332 77
333 94
334 94
335 111
336 111
337 111
338 128
339 128
340 146
341 146
342 163
343 163
344 164
345 164
346 181
347 181
348 181
349 197
350 197
351 198
352 198
353 213
354 213
355 199
356 199
357 200
358 200
359 200
360 201
361 201
362 186
363 186
364 187
365 187
366 170
367 170
368 153
369 153
370 153
371 136
372 136
373 118
374 118
375 101
376 101
377 100
378 100
379 83
380 83
381 83
382 67
383 67
384 66
385 66
386 51
387 51
388 65
389 65
390 64
391 64
392 64
393 63
394 63
395 78
396 78
397 77
398 77
399 77
400 93
401 93
402 111
403 111
404 128
405 128
406 128
407 145
408 145
409 163
410 163
411 163
412 180
413 180
414 181
415 181
416 197
417 197
418 197
419 212
420 212
421 213
422 213
423 213
424 214
425 214
426 200
427 200
428 201
429 201
430 201
431 202
432 202
433 187
434 187
435 187
436 171
437 171
438 153
439 153
440 136
441 136
442 136
443 119
444 119
445 101
446 101
447 101
448 84
449 84
450 83
451 83
452 67
453 67
454 67
455 52
456 52
457 51
458 51
459 51
460 50
461 50
462 64
463 64
464 63
465 63
466 63
467 62
468 62
469 61
470 77
471 77
472 93
473 93
474 93
475 110
476 110
477 128
478 128
479 145
480 145
481 145
482 162
483 163
484 163
485 180
486 180
487 180
488 196
489 196
490 197
491 197
492 212
493 212
494 212
495 226
496 213
497 213
498 214
499 214
500 214
501 215
502 215
503 201
504 201
505 202
506 202
507 202
508 203
509 187
510 187
511 171
512 171
513 171
514 154
515 154
516 136
517 136
518 119
519 119
520 119
521 102
522 101
523 101
524 84
525 84
526 84
527 68
528 68
529 67
530 67
531 52
532 52
533 52
534 38
535 51
536 51
537 50
538 50
539 50
540 49
541 49
542 63
543 63
544 62
545 62
546 62
547 61
548 61
549 76
550 76
551 93
552 93
553 110
554 110
555 110
556 127
557 127
558 145
559 145
560 162
561 162
562 162
563 179
564 179
565 180
566 180
567 196
568 196
569 196
570 211
571 211
572 212
573 212
574 226
575 226
576 226
577 227
578 227
579 214
580 214
581 215
582 215
583 215
584 216
585 216
586 202
587 202
588 203
589 203
590 203
591 188
592 188
593 171
594 171
595 154
596 154
597 154
598 137
599 137
600 119
601 119
602 102
603 102
604 102
605 85
606 85
607 84
608 84
609 68
610 68
611 68
612 53
613 53
614 52
615 52
616 38
617 38
618 38
619 37
620 37
621 50
622 50
623 49
624 49
625 49
626 48
627 48
628 62
629 62
630 61
631 61
632 61
633 76
634 76
635 76
636 92
637 92
638 110
639 110
640 127
641 127
642 127
643 144
644 144
645 162
646 162
647 162
648 179
649 179
650 179
651 195
652 195
653 196
654 196
655 211
656 211
657 211
658 225
659 225
660 226
661 226
662 226
663 227
664 227
665 227
666 228
667 228
668 215
669 215
670 216
671 216
672 216
673 217
674 217
675 203
676 203
677 203
678 188
679 188
680 188
681 172
682 172
683 154
684 154
685 137
686 137
687 137
688 120
689 120
690 102
691 102
692 102
693 85
694 85
695 85
696 69
697 69
698 68
699 68
700 53
701 53
702 53
703 39
704 39
705 38
706 38
707 38
708 37
709 37
710 37
711 36
712 36
713 49
714 49
715 48
716 48
717 48
718 47
719 47
720 61
721 46
722 60
723 60
724 76
725 76
726 92
727 92
728 92
729 109
730 109
731 127
732 127
733 144
734 144
735 144
736 161
737 161
738 178
739 178
740 179
741 179
742 195
743 195
744 195
745 210
746 210
747 211
748 211
749 225
750 225
751 225
752 238
753 238
754 239
755 239
756 227
757 227
758 228
759 228
760 228
761 229
762 229
763 216
764 216
765 217
766 217
767 217
768 218
769 218
770 204
771 204
772 188
773 188
774 172
775 172
776 172
777 155
778 155
779 137
780 137
781 120
782 120
783 120
784 103
785 103
786 86
787 86
788 85
789 85
790 69
791 69
792 69
793 54
794 54
795 53
796 53
797 39
798 39
799 39
800 26
801 26
802 25
803 25
804 37
805 37
806 36
807 36
808 36
809 35
810 35
811 48
812 48
813 47
814 47
815 47
816 46
817 46
818 60
819 60
820 60
821 75
822 75
823 92
824 92
825 109
826 109
827 109
828 126
829 126
830 144
831 144
832 161
833 161
834 161
835 178
836 178
837 178
838 194
839 194
840 195
841 195
842 210
843 210
844 210
845 224
846 224
847 225
848 225
849 238
850 238
851 238
852 239
853 239
854 239
855 240
856 240
857 228
858 228
859 229
860 229
861 229
862 230
863 230
864 217
865 217
866 218
867 218
868 218
869 204
870 204
871 204
872 189
873 189
874 172
875 172
876 155
877 155
878 155
879 138
880 138
881 120
882 120
883 103
884 103
885 103
886 86
887 86
888 86
889 70
890 70
891 69
892 69
893 54
894 54
895 54
896 40
897 40
898 39
899 39
900 26
901 26
902 26
903 25
904 25
905 25
906 24
907 24
908 36
909 36
910 35
911 35
912 35
913 34
914 34
915 47
916 47
917 46
918 46
919 45
920 45
921 60
922 60
923 75
924 75
925 75
926 91
927 91
928 109
929 109
930 126
931 126
932 126
933 143
934 143
935 161
936 161
937 177
938 177
939 178
940 178
941 194
942 194
943 194
944 209
945 209
946 210
947 210
948 224
949 224
950 224
951 237
952 237
953 238
954 238
955 250
956 250
957 239
958 239
959 240
960 240
961 240
962 241
963 241
964 229
965 229
966 230
967 230
968 230
969 231
970 231
971 218
972 218
973 219
974 219
975 204
976 204
977 189
978 189
979 189
980 173
981 173
982 155
983 155
984 138
985 138
986 138
987 121
988 121
989 103
990 103
991 87
992 87
993 86
994 86
995 70
996 70
997 70
998 55
999 55
1000 54
1001 54
1002 40
1003 40
1004 40
1005 27
1006 27
1007 26
1008 26
1009 14
1010 14
1011 25
1012 25
1013 24
1014 24
1015 24
1016 23
1017 23
1018 35
1019 35
1020 34
1021 34
1022 34
1023 33
1024 33
1025 46
1026 46
1027 45
1028 45
1029 45
1030 59
1031 59
1032 75
1033 75
1034 91
1035 91
1036 91
1037 108
1038 108
1039 126
1040 126
1041 143
1042 143
1043 143
1044 160
1045 160
1046 177
1047 177
1048 177
1049 193
1050 193
1051 194
1052 194
1053 209
1054 209
1055 209
1056 223
1057 223
1058 224
1059 224
1060 237
1061 237
1062 237
1063 249
1064 249
1065 250
1066 250
1067 250
1068 251
1069 251
1070 240
1071 240
1072 241
1073 241
1074 241
1075 242
1076 242
1077 230
1078 230
1079 231
1080 231
1081 231
1082 232
1083 232
1084 219
1085 219
1086 219
1087 205
1088 205
1089 189
1090 189
1091 173
1092 173
1093 173
1094 156
1095 156
1096 138
1097 138
1098 121
1099 121
1100 121
1101 104
1102 104
1103 87
1104 87
1105 87
1106 71
1107 71
1108 70
1109 70
1110 55
1111 55
1112 55
1113 41
1114 41
1115 40
1116 40
1117 27
1118 27
1119 27
1120 15
1121 15
1122 14
1123 14
1124 14
1125 13
1126 13
1127 24
1128 24
1129 23
1130 23
1131 23
1132 22
1133 22
1134 34
1135 34
1136 33
1137 33
1138 33
1139 32
1140 32
1141 31
1142 45
1143 45
1144 59
1145 59
1146 59
1147 74
1148 74
1149 91
1150 91
1151 108
1152 108
1153 108
1154 125
1155 125
1156 143
1157 143
1158 160
1159 160
1160 160
1161 176
1162 177
1163 177
1164 193
1165 193
1166 193
1167 208
1168 208
1169 209
1170 209
1171 223
1172 223
1173 223
1174 236
1175 236
1176 237
1177 237
1178 249
1179 249
1180 249
1181 259
1182 250
1183 250
1184 251
1185 251
1186 251
1187 252
1188 252
1189 241
1190 241
1191 242
1192 242
1193 242
1194 243
1195 243
1196 231
1197 231
1198 232
1199 232
1200 232
1201 233
1202 219
1203 219
1204 205
1205 205
1206 205
1207 190
1208 190
1209 173
1210 173
1211 156
1212 156
1213 156
1214 139
1215 139
1216 121
1217 121
1218 104
1219 104
1220 104
1221 88
1222 87
1223 87
1224 71
1225 71
1226 71
1227 56
1228 56
1229 55
1230 55
1231 41
1232 41
1233 41
1234 28
1235 28
1236 27
1237 27
1238 15
1239 15
1240 15
1241 5
1242 14
1243 14
1244 13
1245 13
1246 13
1247 12
1248 12
1249 23
1250 23
1251 22
1252 22
1253 22
1254 21
1255 21
1256 33
1257 33
1258 32
1259 32
1260 32
1261 31
1262 31
1263 44
1264 44
1265 59
1266 59
1267 74
1268 74
1269 74
1270 90
1271 90
1272 108
1273 108
1274 125
1275 125
1276 125
1277 142
1278 142
1279 160
1280 160
1281 176
1282 176
1283 176
1284 192
1285 192
1286 193
1287 193
1288 208
1289 208
1290 208
1291 222
1292 222
1293 223
1294 223
1295 236
1296 236
1297 236
1298 248
1299 248
1300 249
1301 249
1302 259
1303 259
1304 259
1305 260
1306 260
1307 251
1308 251
1309 252
1310 252
1311 252
1312 253
1313 253
1314 242
1315 242
1316 243
1317 243
1318 243
1319 244
1320 244
1321 232
1322 232
1323 233
1324 233
1325 233
1326 220
1327 220
1328 205
1329 205
1330 190
1331 190
1332 190
1333 174
1334 174
1335 156
1336 156
1337 139
1338 139
1339 139
1340 122
1341 122
1342 104
1343 104
1344 88
1345 88
1346 88
1347 72
1348 72
1349 71
1350 71
1351 56
1352 56
1353 56
1354 42
1355 42
1356 41
1357 41
1358 28
1359 28
1360 28
1361 16
1362 16
1363 15
1364 15
1365 5
1366 5
1367 5
1368 4
1369 4
1370 13
1371 13
1372 12
1373 12
1374 12
1375 11
1376 11
1377 22
1378 22
1379 21
1380 21
1381 21
1382 20
1383 20
1384 32
1385 32
1386 31
1387 31
1388 31
1389 44
1390 44
1391 44
1392 58
1393 58
1394 74
1395 74
1396 90
1397 90
1398 90
1399 107
1400 107
1401 125
1402 125
1403 142
1404 142
1405 142
1406 159
1407 159
1408 176
1409 176
1410 176
1411 192
1412 192
1413 192
1414 207
1415 207
1416 208
1417 208
1418 222
1419 222
1420 222
1421 235
1422 235
1423 236
1424 236
1425 248
1426 248
1427 248
1428 258
1429 258
1430 259
1431 259
1432 259
1433 260
1434 260
1435 260
1436 261
1437 261
1438 252
1439 252
1440 253
1441 253
1442 253
1443 254
1444 254
1445 243
1446 243
1447 244
1448 244
1449 244
1450 245
1451 245
1452 233
1453 233
1454 233
1455 220
1456 220
1457 220
1458 206
1459 206
1460 190
1461 190
1462 174
1463 174
1464 174
1465 157
1466 157
1467 139
1468 139
1469 122
1470 122
1471 122
1472 105
1473 105
1474 88
1475 88
1476 88
1477 72
1478 72
1479 72
1480 57
1481 57
1482 56
1483 56
1484 42
1485 42
1486 42
1487 29
1488 29
1489 28
1490 28
1491 16
1492 16
1493 16
1494 6
1495 6
1496 5
1497 5
1498 5
1499 4
1500 4
1501 4
1502 3
1503 3
1504 12
1505 12
1506 11
1507 11
1508 11
1509 10
1510 10
1511 21
1512 21
1513 20
1514 20
1515 20
1516 19
1517 19
1518 31
1519 44
1520 44
1521 58
1522 58
1523 58
1524 73
1525 73
1526 90
1527 90
1528 107
1529 107
1530 107
1531 124
1532 124
1533 142
1534 142
1535 159
1536 159
1537 159
1538 192
1539 192
1540 207
1541 207
1542 207
1543 221
1544 221
1545 222
1546 222
1547 235
1548 235
1549 235
1550 247
1551 247
1552 248
1553 248
1554 258
1555 258
1556 258
1557 260
1558 260
1559 261
1560 261
1561 261
1562 262
1563 262
1564 253
1565 253
1566 254
1567 254
1568 254
1569 255
1570 255
1571 244
1572 244
1573 245
1574 245
1575 245
1576 220
1577 220
1578 206
1579 206
1580 206
1581 191
1582 191
1583 174
1584 174
1585 157
1586 157
1587 157
1588 140
1589 140
1590 122
1591 122
1592 105
1593 105
1594 105
1595 72
1596 72
1597 57
1598 57
1599 57
1600 43
1601 43
1602 42
1603 42
1604 29
1605 29
1606 29
1607 17
1608 17
1609 16
1610 16
1611 6
1612 6
1613 6
1614 4
1615 4
1616 3
1617 3
1618 3
1619 2
1620 2
1621 11
1622 11
1623 10
1624 10
1625 10
1626 9
1627 9
1628 20
1629 20
1630 19
1631 19
1632 19
1633 58
1634 58
1635 73
1636 73
1637 73
1638 89
1639 89
1640 107
1641 107
1642 124
1643 124
1644 124
1645 141
1646 141
1647 159
1648 159
1649 207
1650 207
1651 221
1652 221
1653 221
1654 234
1655 234
1656 235
1657 235
1658 247
1659 247
1660 247
1661 257
1662 257
1663 258
1664 258
1665 261
1666 261
1667 262
1668 262
1669 262
1670 263
1671 263
1672 254
1673 254
1674 255
1675 255
1676 255
1677 256
1678 256
1679 245
1680 245
1681 206
1682 206
1683 191
1684 191
1685 191
1686 175
1687 175
1688 157
1689 157
1690 140
1691 140
1692 140
1693 123
1694 123
1695 105
1696 105
1697 57
1698 57
1699 43
1700 43
1701 43
1702 30
1703 30
1704 29
1705 29
1706 17
1707 17
1708 17
1709 7
1710 7
1711 6
1712 6
1713 3
1714 3
1715 2
1716 2
1717 2
1718 1
1719 1
1720 10
1721 10
1722 9
1723 9
1724 9
1725 8
1726 8
1727 19
1728 19
1729 73
1730 73
1731 89
1732 89
1733 89
1734 106
1735 106
1736 124
1737 124
1738 141
1739 141
1740 141
1741 221
1742 221
1743 234
1744 234
1745 234
1746 246
1747 246
1748 247
1749 247
1750 257
1751 257
1752 257
1753 262
1754 262
1755 263
1756 263
1757 263
1758 264
1759 264
1760 255
1761 255
1762 256
1763 256
1764 256
1765 191
1766 191
1767 175
1768 175
1769 175
1770 158
1771 158
1772 140
1773 140
1774 123
1775 123
1776 123
1777 43
1778 43
1779 30
1780 30
1781 30
1782 18
1783 18
1784 17
1785 17
1786 7
1787 7
1788 7
1789 2
1790 2
1791 1
1792 1
1793 1
1794 0
1795 0
1796 9
1797 9
1798 8
1799 8
1800 8
1801 89
1802 89
1803 106
1804 106
1805 106
1806 141
1807 141
1808 234
1809 234
1810 246
1811 246
1812 246
1813 257
1814 257
1815 263
1816 263
1817 264
1818 264
1819 264
1820 256
1821 256
1822 175
1823 175
1824 158
1825 158
1826 158
1827 123
1828 123
1829 30
1830 30
1831 18
1832 18
1833 18
1834 7
1835 7
1836 1
1837 1
1838 0
1839 0
1840 0
1841 8
1842 8
1843 106
1844 106
1845 246
1846 246
1847 264
1848 264
1849 158
1850 158
1851 18
1852 18
1853 0
1854 0
