1.00000 0.00000
0.00000 1.00000
0.99320 0.00680
0.00680 0.99320
0.97295 0.02705
0.02705 0.97295
0.93979 0.06021
0.06021 0.93979
0.89464 0.10536
0.10536 0.89464
0.83872 0.16128
0.16128 0.83872
0.77355 0.22645
0.22645 0.77355
0.70092 0.29908
0.29908 0.70092
0.62281 0.37718
0.37718 0.62281
0.54135 0.45864
0.45864 0.54135
0.45877 0.54123
0.54123 0.45877
0.37730 0.62270
0.62270 0.37730
0.29919 0.70081
0.70081 0.29919
0.22655 0.77345
0.77345 0.22655
0.16137 0.83863
0.83863 0.16137
0.10544 0.89456
0.89456 0.10544
0.06026 0.93974
0.93974 0.06026
0.02709 0.97291
0.97291 0.02709
0.00682 0.99318
0.99318 0.00682
0.00000 1.00000
1.00000 0.00000
0.00681 0.99319
0.99319 0.00681
0.02707 0.97292
0.97292 0.02707
0.06024 0.93976
0.93976 0.06024
0.10541 0.89459
0.89459 0.10541
0.16134 0.83866
0.83866 0.16134
0.22651 0.77349
0.77349 0.22651
0.29914 0.70085
0.70085 0.29914
0.37726 0.62274
0.62274 0.37726
0.45872 0.54128
0.54128 0.45872
0.54131 0.45869
0.45869 0.54131
0.62277 0.37723
0.37723 0.62277
0.70088 0.29912
0.29912 0.70088
0.77351 0.22649
0.22649 0.77351
0.83868 0.16132
0.16132 0.83868
0.89461 0.10539
0.10539 0.89461
0.93977 0.06023
0.06023 0.93977
0.97293 0.02706
0.02706 0.97293
0.99319 0.00680
0.00680 0.99319
1.00000 0.00000
0.00000 1.00000
0.99321 0.00679
0.00679 0.99321
0.97296 0.02704
0.02704 0.97296
0.93981 0.06019
0.06019 0.93981
0.89466 0.10534
0.10534 0.89466
0.83874 0.16126
0.16126 0.83874
0.77358 0.22642
0.22642 0.77358
0.70095 0.29904
0.29904 0.70095
0.62285 0.37715
0.37715 0.62285
0.54139 0.45861
0.45861 0.54139
0.45880 0.54120
0.54120 0.45880
0.37734 0.62266
0.62266 0.37734
0.29922 0.70078
0.70078 0.29922
0.22658 0.77342
0.77342 0.22658
0.16140 0.83860
0.83860 0.16140
0.10546 0.89454
0.89454 0.10546
0.06028 0.93972
0.93972 0.06028
0.02710 0.97290
0.97290 0.02710
0.00682 0.99317
0.99317 0.00682
0.00000 1.00000
1.00000 0.00000
0.00680 0.99319
0.99319 0.00680
0.02706 0.97293
0.97293 0.02706
0.06022 0.93977
0.93977 0.06022
0.10539 0.89461
0.89461 0.10539
0.16131 0.83868
0.83868 0.16131
0.22648 0.77351
0.77351 0.22648
0.29911 0.70088
0.70088 0.29911
0.37722 0.62277
0.62277 0.37722
0.45868 0.54131
0.54131 0.45868
0.54127 0.45872
0.45872 0.54127
0.62273 0.37726
0.37726 0.62273
0.70085 0.29915
0.29915 0.70085
0.77348 0.22651
0.22651 0.77348
0.83865 0.16134
0.16134 0.83865
0.89458 0.10541
0.10541 0.89458
0.93975 0.06024
0.06024 0.93975
0.97292 0.02708
0.02708 0.97292
0.99318 0.00681
0.00681 0.99318
0.99999 0.00000
0.00000 0.99999
0.99320 0.00679
0.00679 0.99320
0.97296 0.02704
0.02704 0.97296
0.93981 0.06019
0.06019 0.93981
0.89465 0.10534
0.10534 0.89465
0.83874 0.16126
0.16126 0.83874
0.77358 0.22642
0.22642 0.77358
0.70095 0.29904
0.29904 0.70095
0.62284 0.37715
0.37715 0.62284
0.54139 0.45861
0.45861 0.54139
0.45880 0.54120
0.54120 0.45880
0.37733 0.62266
0.62266 0.37733
0.29922 0.70078
0.70078 0.29922
0.22658 0.77342
0.77342 0.22658
0.16140 0.83860
0.83860 0.16140
0.10546 0.89454
0.89454 0.10546
0.06028 0.93971
0.93971 0.06028
0.02710 0.97289
0.97289 0.02710
0.00682 0.99317
0.99317 0.00682
0.00000 0.99999
0.99999 0.00000
0.00680 0.99319
0.99319 0.00680
0.02706 0.97293
0.97293 0.02706
0.06023 0.93977
0.93977 0.06023
0.10539 0.89461
0.89461 0.10539
0.16131 0.83868
0.83868 0.16131
0.22648 0.77351
0.77351 0.22648
0.29911 0.70088
0.70088 0.29911
0.37722 0.62277
0.62277 0.37722
0.45868 0.54131
0.54131 0.45868
0.54127 0.45872
0.45872 0.54127
0.62273 0.37726
0.37726 0.62273
0.70085 0.29914
0.29914 0.70085
0.77348 0.22651
0.22651 0.77348
0.83865 0.16134
0.16134 0.83865
0.89458 0.10541
0.10541 0.89458
0.93975 0.06024
0.06024 0.93975
0.97292 0.02707
0.02707 0.97292
0.99318 0.00681
0.00681 0.99318
0.99999 0.00000
0.00000 0.99999
0.99320 0.00680
0.00680 0.99320
0.97294 0.02705
0.02705 0.97294
0.93979 0.06020
0.06020 0.93979
0.89463 0.10536
0.10536 0.89463
0.83871 0.16128
0.16128 0.83871
0.77355 0.22644
0.22644 0.77355
0.70092 0.29907
0.29907 0.70092
0.62281 0.37718
0.37718 0.62281
0.54135 0.45864
0.45864 0.54135
0.45876 0.54123
0.54123 0.45876
0.37730 0.62269
0.62269 0.37730
0.29919 0.70080
0.70080 0.29919
0.22655 0.77344
0.77344 0.22655
0.16137 0.83862
0.83862 0.16137
0.10544 0.89455
0.89455 0.10544
0.06026 0.93973
0.93973 0.06026
0.02709 0.97290
0.97290 0.02709
0.00682 0.99317
0.99317 0.00682
0.00000 0.99999
0.99999 0.00000
0.00681 0.99318
0.99318 0.00681
0.02707 0.97292
0.97292 0.02707
0.06024 0.93975
0.93975 0.06024
0.10541 0.89458
0.89458 0.10541
0.16134 0.83865
0.83865 0.16134
0.22651 0.77348
0.77348 0.22651
0.29915 0.70084
0.70084 0.29915
0.37726 0.62273
0.62273 0.37726
0.45872 0.54127
0.54127 0.45872
0.54131 0.45868
0.45868 0.54131
0.62277 0.37722
0.37722 0.62277
0.70088 0.29911
0.29911 0.70088
0.77351 0.22648
0.22648 0.77351
0.83868 0.16131
0.16131 0.83868
0.89460 0.10539
0.10539 0.89460
0.93976 0.06022
0.06022 0.93976
0.97293 0.02706
0.02706 0.97293
0.99319 0.00680
0.00680 0.99319
0.99999 0.00000
0.00000 0.99999
0.99318 0.00681
0.00681 0.99318
0.97292 0.02707
0.02707 0.97292
0.93975 0.06024
0.06024 0.93975
0.89459 0.10540
0.10540 0.89459
0.83866 0.16133
0.16133 0.83866
0.77349 0.22650
0.22650 0.77349
0.70086 0.29913
0.29913 0.70086
0.62275 0.37724
0.37724 0.62275
0.54129 0.45870
0.45870 0.54129
0.45870 0.54129
0.54129 0.45870
0.37724 0.62275
0.62275 0.37724
0.29912 0.70086
0.70086 0.29912
0.22649 0.77349
0.77349 0.22649
0.16132 0.83866
0.83866 0.16132
0.10540 0.89459
0.89459 0.10540
0.06023 0.93976
0.93976 0.06023
0.02707 0.97292
0.97292 0.02707
0.00681 0.99318
0.99318 0.00681
0.00000 0.99999
0.99999 0.00000
0.00682 0.99317
0.99317 0.00682
0.02710 0.97289
0.97289 0.02710
0.06028 0.93971
0.93971 0.06028
0.10545 0.89454
0.89454 0.10545
0.16139 0.83860
0.83860 0.16139
0.22657 0.77342
0.77342 0.22657
0.29921 0.70078
0.70078 0.29921
0.37733 0.62266
0.62266 0.37733
0.45879 0.54120
0.54120 0.45879
0.54138 0.45861
0.45861 0.54138
0.62283 0.37715
0.37715 0.62283
0.70094 0.29905
0.29905 0.70094
0.77357 0.22642
0.22642 0.77357
0.83873 0.16126
0.16126 0.83873
0.89464 0.10534
0.10534 0.89464
0.93980 0.06019
0.06019 0.93980
0.97295 0.02704
0.02704 0.97295
0.99320 0.00679
0.00679 0.99320
0.99999 0.00000
0.00000 0.99999
0.99316 0.00682
0.00682 0.99316
0.97289 0.02710
0.02710 0.97289
0.93971 0.06028
0.06028 0.93971
0.89453 0.10546
0.10546 0.89453
0.83859 0.16140
0.16140 0.83859
0.77341 0.22658
0.22658 0.77341
0.70077 0.29922
0.29922 0.70077
0.62265 0.37733
0.37733 0.62265
0.54119 0.45880
0.45880 0.54119
0.45860 0.54138
0.54138 0.45860
0.37714 0.62284
0.62284 0.37714
0.29904 0.70095
0.70095 0.29904
0.22641 0.77357
0.77357 0.22641
0.16125 0.83873
0.83873 0.16125
0.10534 0.89465
0.89465 0.10534
0.06019 0.93980
0.93980 0.06019
0.02704 0.97295
0.97295 0.02704
0.00679 0.99320
0.99320 0.00679
0.00000 0.99999
0.99999 0.00000
0.00684 0.99315
0.99315 0.00684
0.02713 0.97286
0.97286 0.02713
0.06032 0.93966
0.93966 0.06032
0.10551 0.89447
0.89447 0.10551
0.16146 0.83852
0.83852 0.16146
0.22665 0.77333
0.77333 0.22665
0.29930 0.70069
0.70069 0.29930
0.37742 0.62257
0.62257 0.37742
0.45889 0.54110
0.54110 0.45889
0.54147 0.45851
0.45851 0.54147
0.62293 0.37706
0.37706 0.62293
0.70103 0.29895
0.29895 0.70103
0.77365 0.22634
0.22634 0.77365
0.83880 0.16119
0.16119 0.83880
0.89470 0.10528
0.10528 0.89470
0.93984 0.06014
0.06014 0.93984
0.97298 0.02701
0.02701 0.97298
0.99321 0.00678
0.00678 0.99321
0.99998 0.00000
0.00000 0.99998
0.99314 0.00684
0.00684 0.99314
0.97285 0.02714
0.02714 0.97285
0.93965 0.06034
0.06034 0.93965
0.89445 0.10553
0.10553 0.89445
0.83850 0.16149
0.16149 0.83850
0.77331 0.22668
0.22668 0.77331
0.70066 0.29933
0.29933 0.70066
0.62253 0.37745
0.37745 0.62253
0.54107 0.45892
0.45892 0.54107
0.45848 0.54150
0.54150 0.45848
0.37703 0.62296
0.62296 0.37703
0.29893 0.70106
0.70106 0.29893
0.22631 0.77367
0.77367 0.22631
0.16116 0.83882
0.83882 0.16116
0.10526 0.89472
0.89472 0.10526
0.06013 0.93986
0.93986 0.06013
0.02700 0.97299
0.97299 0.02700
0.00677 0.99321
0.99321 0.00677
0.00000 0.99998
0.99998 0.00000
0.00686 0.99313
0.99313 0.00686
0.02717 0.97281
0.97281 0.02717
0.06038 0.93960
0.93960 0.06038
0.10559 0.89439
0.89439 0.10559
0.16156 0.83843
0.83843 0.16156
0.22676 0.77323
0.77323 0.22676
0.29941 0.70057
0.70057 0.29941
0.37754 0.62244
0.62244 0.37754
0.45901 0.54097
0.54097 0.45901
0.54160 0.45839
0.45839 0.54160
0.62305 0.37693
0.37693 0.62305
0.70114 0.29884
0.29884 0.70114
0.77375 0.22623
0.22623 0.77375
0.83889 0.16109
0.16109 0.83889
0.89478 0.10520
0.10520 0.89478
0.93990 0.06008
0.06008 0.93990
0.97302 0.02697
0.02697 0.97302
0.99323 0.00675
0.00675 0.99323
0.99998 0.00000
0.00000 0.99998
0.99312 0.00687
0.00687 0.99312
0.97280 0.02719
0.02719 0.97280
0.93958 0.06041
0.06041 0.93958
0.89436 0.10562
0.10562 0.89436
0.83839 0.16159
0.16159 0.83839
0.77318 0.22680
0.22680 0.77318
0.70052 0.29946
0.29946 0.70052
0.62239 0.37759
0.37759 0.62239
0.54092 0.45906
0.45906 0.54092
0.45834 0.54165
0.54165 0.45834
0.37688 0.62310
0.62310 0.37688
0.29879 0.70119
0.70119 0.29879
0.22619 0.77379
0.77379 0.22619
0.16106 0.83892
0.83892 0.16106
0.10517 0.89481
0.89481 0.10517
0.06006 0.93992
0.93992 0.06006
0.02695 0.97303
0.97303 0.02695
0.00675 0.99324
0.99324 0.00675
0.00000 0.99998
0.99998 0.00000
0.00688 0.99310
0.99310 0.00688
0.02722 0.97276
0.97276 0.02722
0.06045 0.93953
0.93953 0.06045
0.10568 0.89430
0.89430 0.10568
0.16167 0.83831
0.83831 0.16167
0.22688 0.77310
0.77310 0.22688
0.29955 0.70043
0.70043 0.29955
0.37769 0.62230
0.62230 0.37769
0.45916 0.54082
0.54082 0.45916
0.54175 0.45823
0.45823 0.54175
0.62319 0.37679
0.37679 0.62319
0.70128 0.29870
0.29870 0.70128
0.77388 0.22611
0.22611 0.77388
0.83900 0.16098
0.16098 0.83900
0.89487 0.10511
0.10511 0.89487
0.93997 0.06001
0.06001 0.93997
0.97306 0.02692
0.02692 0.97306
0.99325 0.00673
0.00673 0.99325
0.99998 0.00000
0.00000 0.99998
0.99309 0.00689
0.00689 0.99309
0.97274 0.02724
0.02724 0.97274
0.93950 0.06049
0.06049 0.93950
0.89426 0.10572
0.10572 0.89426
0.83827 0.16171
0.16171 0.83827
0.77304 0.22694
0.22694 0.77304
0.70037 0.29961
0.29961 0.70037
0.62223 0.37775
0.37775 0.62223
0.54076 0.45922
0.45922 0.54076
0.45817 0.54181
0.54181 0.45817
0.37672 0.62326
0.62326 0.37672
0.29864 0.70134
0.70134 0.29864
0.22605 0.77393
0.77393 0.22605
0.16094 0.83904
0.83904 0.16094
0.10507 0.89491
0.89491 0.10507
0.05998 0.94000
0.94000 0.05998
0.02690 0.97308
0.97308 0.02690
0.00672 0.99326
0.99326 0.00672
0.00000 0.99998
0.99998 0.00000
0.00691 0.99307
0.99307 0.00691
0.02727 0.97271
0.97271 0.02727
0.06054 0.93944
0.93944 0.06054
0.10579 0.89419
0.89419 0.10579
0.16179 0.83819
0.83819 0.16179
0.22703 0.77295
0.77295 0.22703
0.29971 0.70027
0.70027 0.29971
0.37785 0.62213
0.62213 0.37785
0.45933 0.54065
0.54065 0.45933
0.54192 0.45806
0.45806 0.54192
0.62336 0.37662
0.37662 0.62336
0.70144 0.29854
0.29854 0.70144
0.77402 0.22596
0.22596 0.77402
0.83912 0.16086
0.16086 0.83912
0.89497 0.10501
0.10501 0.89497
0.94005 0.05993
0.05993 0.94005
0.97312 0.02686
0.02686 0.97312
0.99328 0.00670
0.00670 0.99328
0.99998 0.00000
0.00000 0.99998
0.99305 0.00692
0.00692 0.99305
0.97268 0.02730
0.02730 0.97268
0.93940 0.06057
0.06057 0.93940
0.89414 0.10584
0.10584 0.89414
0.83813 0.16185
0.16185 0.83813
0.77289 0.22709
0.22709 0.77289
0.70020 0.29978
0.29978 0.70020
0.62205 0.37793
0.37793 0.62205
0.54057 0.45941
0.45941 0.54057
0.45798 0.54200
0.54200 0.45798
0.37654 0.62344
0.62344 0.37654
0.29847 0.70151
0.70151 0.29847
0.22589 0.77408
0.77408 0.22589
0.16080 0.83918
0.83918 0.16080
0.10496 0.89502
0.89502 0.10496
0.05989 0.94009
0.94009 0.05989
0.02684 0.97314
0.97314 0.02684
0.00669 0.99329
0.99329 0.00669
0.00000 0.99998
0.99998 0.00000
0.00694 0.99304
0.99304 0.00694
0.02734 0.97264
0.97264 0.02734
0.06063 0.93935
0.93935 0.06063
0.10590 0.89407
0.89407 0.10590
0.16193 0.83804
0.83804 0.16193
0.22719 0.77279
0.77279 0.22719
0.29988 0.70010
0.70010 0.29988
0.37804 0.62194
0.62194 0.37804
0.45952 0.54046
0.54046 0.45952
0.54211 0.45787
0.45787 0.54211
0.62354 0.37643
0.37643 0.62354
0.70161 0.29837
0.29837 0.70161
0.77418 0.22580
0.22580 0.77418
0.83926 0.16072
0.16072 0.83926
0.89509 0.10489
0.10489 0.89509
0.94014 0.05984
0.05984 0.94014
0.97318 0.02680
0.02680 0.97318
0.99331 0.00667
0.00667 0.99331
0.99998 0.00000
0.00000 0.99998
0.99302 0.00696
0.00696 0.99302
0.97261 0.02737
0.02737 0.97261
0.93931 0.06067
0.06067 0.93931
0.89402 0.10596
0.10596 0.89402
0.83798 0.16200
0.16200 0.83798
0.77271 0.22726
0.22726 0.77271
0.70001 0.29997
0.29997 0.70001
0.62185 0.37813
0.37813 0.62185
0.54037 0.45961
0.45961 0.54037
0.45778 0.54220
0.54220 0.45778
0.37634 0.62363
0.62363 0.37634
0.29828 0.70169
0.70169 0.29828
0.22572 0.77425
0.77425 0.22572
0.16065 0.83933
0.83933 0.16065
0.10483 0.89514
0.89514 0.10483
0.05980 0.94018
0.94018 0.05980
0.02677 0.97321
0.97321 0.02677
0.00666 0.99332
0.99332 0.00666
0.00000 0.99998
0.99998 0.00000
0.00698 0.99300
0.99300 0.00698
0.02740 0.97257
0.97257 0.02740
0.06073 0.93925
0.93925 0.06073
0.10603 0.89394
0.89394 0.10603
0.16209 0.83789
0.83789 0.16209
0.22736 0.77262
0.77262 0.22736
0.30007 0.69990
0.69990 0.30007
0.37824 0.62174
0.62174 0.37824
0.45973 0.54025
0.54025 0.45973
0.54231 0.45766
0.45766 0.54231
0.62374 0.37623
0.37623 0.62374
0.70180 0.29818
0.29818 0.70180
0.77435 0.22563
0.22563 0.77435
0.83941 0.16056
0.16056 0.83941
0.89521 0.10476
0.10476 0.89521
0.94023 0.05974
0.05974 0.94023
0.97324 0.02673
0.02673 0.97324
0.99334 0.00664
0.00664 0.99334
0.99997 0.00000
0.00000 0.99997
0.99298 0.00699
0.00699 0.99298
0.97254 0.02744
0.02744 0.97254
0.93920 0.06077
0.06077 0.93920
0.89388 0.10609
0.10609 0.89388
0.83781 0.16216
0.16216 0.83781
0.77253 0.22744
0.22744 0.77253
0.69981 0.30016
0.30016 0.69981
0.62164 0.37834
0.37834 0.62164
0.54015 0.45983
0.45983 0.54015
0.45756 0.54241
0.54241 0.45756
0.37613 0.62384
0.62384 0.37613
0.29808 0.70189
0.70189 0.29808
0.22554 0.77443
0.77443 0.22554
0.16049 0.83949
0.83949 0.16049
0.10470 0.89528
0.89528 0.10470
0.05969 0.94028
0.94028 0.05969
0.02670 0.97327
0.97327 0.02670
0.00662 0.99335
0.99335 0.00662
0.00000 0.99997
0.99997 0.00000
0.00701 0.99296
0.99296 0.00701
0.02748 0.97250
0.97250 0.02748
0.06083 0.93914
0.93914 0.06083
0.10617 0.89381
0.89381 0.10617
0.16225 0.83772
0.83772 0.16225
0.22755 0.77243
0.77243 0.22755
0.30027 0.69970
0.69970 0.30027
0.37845 0.62152
0.62152 0.37845
0.45995 0.54003
0.54003 0.45995
0.54253 0.45744
0.45744 0.54253
0.62396 0.37602
0.37602 0.62396
0.70200 0.29797
0.29797 0.70200
0.77453 0.22544
0.22544 0.77453
0.83957 0.16040
0.16040 0.83957
0.89535 0.10462
0.10462 0.89535
0.94034 0.05964
0.05964 0.94034
0.97331 0.02666
0.02666 0.97331
0.99337 0.00660
0.00660 0.99337
0.99997 0.00000
0.00000 0.99997
0.99294 0.00703
0.00703 0.99294
0.97246 0.02751
0.02751 0.97246
0.93909 0.06088
0.06088 0.93909
0.89374 0.10624
0.10624 0.89374
0.83764 0.16233
0.16233 0.83764
0.77234 0.22764
0.22764 0.77234
0.69960 0.30037
0.30037 0.69960
0.62141 0.37856
0.37856 0.62141
0.53992 0.46005
0.46005 0.53992
0.45733 0.54264
0.54264 0.45733
0.37591 0.62406
0.62406 0.37591
0.29787 0.70210
0.70210 0.29787
0.22535 0.77462
0.77462 0.22535
0.16032 0.83965
0.83965 0.16032
0.10456 0.89541
0.89541 0.10456
0.05958 0.94039
0.94039 0.05958
0.02663 0.97335
0.97335 0.02663
0.00658 0.99339
0.99339 0.00658
0.00000 0.99997
0.99997 0.00000
0.00705 0.99292
0.99292 0.00705
0.02755 0.97242
0.97242 0.02755
0.06094 0.93903
0.93903 0.06094
0.10631 0.89366
0.89366 0.10631
0.16242 0.83755
0.83755 0.16242
0.22774 0.77223
0.77223 0.22774
0.30049 0.69948
0.69948 0.30049
0.37868 0.62129
0.62129 0.37868
0.46018 0.53979
0.53979 0.46018
0.54276 0.45721
0.45721 0.54276
0.62418 0.37579
0.37579 0.62418
0.70221 0.29776
0.29776 0.70221
0.77473 0.22525
0.22525 0.77473
0.83974 0.16023
0.16023 0.83974
0.89549 0.10448
0.10448 0.89549
0.94045 0.05953
0.05953 0.94045
0.97339 0.02659
0.02659 0.97339
0.99341 0.00656
0.00656 0.99341
0.99997 0.00000
0.00000 0.99997
0.99290 0.00707
0.00707 0.99290
0.97238 0.02759
0.02759 0.97238
0.93897 0.06100
0.06100 0.93897
0.89359 0.10638
0.10638 0.89359
0.83746 0.16251
0.16251 0.83746
0.77213 0.22784
0.22784 0.77213
